1.442900
0.786887
1.414191
3.949939
0.376396
-1.148663
-3.253599
-1.026145
-1.355416
-0.007067
-2.953899
0.352504
0.185208
0.834894
1.046833
-1.006461
0.804123
0.441794
-0.344674
0.396512
-2.695524
-0.307058
-1.346010
-2.154551
0.176117
1.914615
-1.517912
0.832691
2.985414
1.815487
-0.617277
1.191938
0.659675
0.161403
-0.049122
2.739327
1.503750
1.127077
-0.600456
1.895933
-2.615078
1.403551
1.145487
-0.354383
-0.223608
0.996637
-1.175843
2.461224
2.502258
-0.180551
-2.147409
0.083261
-1.874550
-1.930863
-2.083785
3.417230
-2.803947
-0.708156
0.517434
-0.397282
3.362489
3.525139
-0.182073
2.247882
2.184756
0.473906
1.600721
0.522479
-0.373062
-0.419857
1.488699
3.396597
-1.440283
-0.012864
2.818109
1.213908
-0.112163
-1.172986
0.967026
0.786205
2.218258
0.987915
1.758184
1.160245
2.611418
0.474532
2.580253
-0.735057
1.179725
-1.130493
2.432491
-1.711459
0.172278
2.103319
0.478059
-0.965556
2.238605
-0.749307
-1.946384
1.710231
-1.111085
2.394520
0.322679
1.439056
1.658619
-0.653799
2.618921
-0.919840
-0.159798
-0.489771
3.918471
-1.505995
0.155419
-0.865792
-0.290577
0.932161
2.069782
1.474961
-3.060464
-1.744463
0.422041
0.407526
-2.609725
-0.053418
-1.445439
0.687687
1.159540
0.609091
0.091515
-0.297496
3.374170
-0.642416
0.037908
-0.100318
0.580690
-3.006777
0.410834
0.132010
1.913620
-0.693032
0.820614
0.098471
1.344195
-0.859035
0.804886
0.131265
0.499655
0.553191
0.552536
2.775338
0.470271
-1.583034
0.502537
0.140403
-1.701704
1.117376
2.951490
1.416260
0.370097
-0.816952
1.802962
1.701272
-0.017736
-1.872957
1.263218
-0.805058
1.130679
-0.987257
0.348296
1.998393
0.674515
1.996082
1.341911
-0.688163
1.311678
0.703994
0.619472
0.142458
4.500000
1.124233
-0.318089
-0.555306
-0.401018
0.296184
1.389648
-1.335254
0.163170
0.599301
-2.776184
0.089559
-1.222073
2.894206
-0.252421
0.381357
0.250067
0.578442
1.288126
-0.779369
-2.124150
1.912369
-0.358780
-0.016654
-0.458128
4.500000
1.505851
-1.152014
2.155884
1.473593
1.762459
2.393313
0.234847
2.708280
-0.328748
-0.032113
0.325928
-0.177789
-0.547406
4.258914
0.713515
-0.685062
-1.097618
0.329627
-1.543069
1.442766
2.231390
-0.356895
0.954205
-0.098291
-0.540543
0.193385
-0.446371
-0.341784
-1.146956
0.847241
1.536318
1.033449
2.001648
1.365830
0.571328
-0.875587
1.104930
-0.641047
2.024147
-0.036455
0.132717
-3.109509
-1.656913
-0.535375
0.415828
-1.219401
-0.139605
-1.255648
2.782573
2.628690
0.671440
1.065399
0.780156
2.082112
2.094908
1.395595
1.290256
0.940711
-2.408669
-0.361354
0.852145
-1.241478
0.789285
0.834223
-0.024849
-2.078137
0.935225
1.203088
-2.870427
1.081275
-1.612266
-1.580877
0.380275
1.413452
-3.101243
-0.542969
2.022668
1.268628
0.387428
3.997248
0.103180
-2.539663
1.590470
-0.823389
3.230488
2.360147
-0.494762
0.566261
1.722627
1.264751
-1.079774
-0.969078
0.364696
1.410932
-1.333264
-0.862124
1.291286
0.107529
-0.974416
-0.379319
3.592083
3.699371
0.852141
0.414967
1.810116
1.423594
1.692213
0.676792
2.150755
-0.695259
1.524830
-0.186993
-1.258530
0.617314
0.929944
-0.209330
0.407092
2.223236
0.809034
-0.093772
0.045545
0.940255
0.068352
2.332854
-0.531113
-0.604102
0.001920
-1.196618
0.019327
-1.155588
0.293897
2.269445
0.575889
2.402864
4.500000
-0.953901
0.406069
2.493199
2.992464
-1.117463
-0.429351
0.000868
-0.724559
-0.144541
-1.578843
1.362722
-2.076966
1.308423
0.854660
1.231154
-0.523251
1.862455
1.092602
-0.347548
0.657986
0.924203
-1.609864
0.592856
2.025513
0.439420
-0.297468
1.694350
1.449874
-1.632928
2.236539
0.803757
2.146616
-0.135877
2.977062
1.620427
0.813423
2.819186
-0.703469
-2.273947
1.395907
-0.337029
1.507923
0.243140
0.748571
-1.283683
0.465814
0.362476
-0.532470
2.608208
-0.954243
0.319459
2.365113
2.468787
0.009316
1.229177
3.285604
1.895786
1.432326
2.028625
0.440028
3.101026
0.069302
3.177947
1.057909
0.429513
1.839363
-0.225622
-1.139151
-0.771076
-1.124903
0.845081
-2.310546
1.124248
-0.074466
2.962307
3.374276
1.898871
3.343062
-0.505941
-0.743784
2.088836
1.573190
1.147217
-1.859939
-2.382544
0.282703
1.693869
0.349455
1.100512
-0.480563
-1.475846
-1.434927
-2.403725
1.133118
2.785808
1.533552
0.014915
-1.487543
1.169420
0.367049
0.195342
0.701486
-1.058211
2.449303
2.000675
1.026844
0.815962
-2.109344
-0.126628
0.746200
-1.502413
1.165400
-2.098713
0.711263
-1.902482
0.911475
3.460164
2.473043
2.812270
-0.560594
0.817154
-0.594913
-0.428382
1.231808
-0.676967
1.004055
1.577352
2.534478
1.603630
0.098297
1.252376
4.500000
0.251125
2.739373
-0.864605
-0.218359
-2.762688
-2.457090
1.772599
1.455505
-0.085161
-0.729296
1.321176
0.344515
1.496188
-1.806317
-0.621694
0.624378
-0.230814
-0.338797
-0.341502
0.416168
0.328740
-1.193231
0.386289
-1.005673
0.449373
2.269105
3.024454
-1.235871
1.452119
0.786416
0.288134
0.543176
-2.479076
-1.366555
-0.341212
5.345160
2.418605
-1.792593
-0.882887
1.066782
1.786702
1.434445
1.833879
-0.418361
-0.192165
-0.915248
-0.603832
-0.479769
-0.496715
0.509358
-1.558923
-2.324556
0.523831
1.149704
0.997585
0.093093
-0.591137
2.958152
0.700306
0.865578
-1.705315
-0.027011
0.897036
-2.460499
2.157788
-0.063382
4.281946
3.123273
-0.824325
1.429532
2.463444
1.461031
-0.918504
0.251305
-0.961851
0.059868
-0.286077
2.483800
0.495014
0.793906
1.016491
-0.006235
-0.413765
-0.992753
0.851758
0.410147
0.435659
0.759116
2.239477
4.347855
1.422887
-0.616035
0.208864
-1.485135
2.253128
1.039461
-0.471619
-4.231867
-0.594888
-1.051414
2.754355
-1.355146
1.440779
0.139489
1.648130
1.833117
2.911395
0.116252
3.448268
-2.155829
-0.395453
0.983885
0.594443
0.802858
1.173529
-0.798251
-1.028017
-1.185995
0.062098
1.875892
1.585451
-1.924102
0.127334
2.139695
2.972619
1.129179
0.549804
1.644917
1.986923
3.531958
4.500000
4.440803
-2.044854
-1.258924
-1.436778
0.360001
0.720367
-0.600634
-0.598772
-0.294036
-1.242206
-3.073827
0.423219
0.858292
-2.515969
-0.848403
1.812528
0.378570
0.807135
0.769807
2.676422
-0.417619
-2.307726
-1.553841
0.216777
0.237316
1.382649
-0.908064
1.294431
1.154968
2.856176
0.627380
0.930671
-0.782219
-3.019528
0.487247
-0.542798
1.144905
1.040493
0.911065
2.226519
-2.403408
2.592008
-0.706242
1.696685
-1.635990
0.897727
-2.759589
2.252020
1.003801
-0.039779
2.857055
0.551430
1.817230
4.500000
0.789306
0.859394
-2.823046
0.699968
0.789467
1.981510
2.564951
-1.400431
2.086318
1.782541
-0.338889
-0.849681
0.402365
0.010775
1.440326
1.523263
0.083834
-0.968094
1.109870
1.060895
-2.284094
-0.762474
1.856749
2.893284
3.388393
0.742289
0.736161
0.808678
1.800157
-0.360428
0.870466
0.109299
-1.904028
5.230520
0.436300
0.211014
-1.344058
0.308292
-2.064089
0.742404
1.967790
2.667182
0.570065
1.924316
1.006140
-1.980432
0.354385
0.813791
2.175246
2.653351
1.693270
0.060388
0.874377
-2.091638
1.088297
1.132671
0.366727
-2.087993
-0.364444
0.010915
2.199257
-0.720272
1.007351
0.332104
-0.323227
1.759097
-0.628045
2.636735
1.844648
2.316685
1.391124
-0.591073
1.771118
4.538873
0.449185
0.335087
0.876055
-1.264540
1.895226
0.756512
-0.977539
-1.331865
3.305075
-0.044395
-0.091915
2.165174
3.502126
0.895979
-1.136820
1.204810
3.538357
2.356502
-3.041759
-0.857599
1.942576
-0.104262
2.757092
1.496567
-0.575569
-1.017577
1.944228
2.968405
2.212804
0.466015
-2.966027
-0.628672
-1.844237
1.380381
0.683560
2.669244
0.425788
-0.171653
-0.785527
1.173960
-0.761997
0.089481
1.321522
0.783314
1.296906
-1.040227
-1.767061
1.467058
0.330772
-0.400516
-0.497687
-0.895580
2.436313
0.209000
3.252742
0.542824
2.481257
-2.756758
1.415732
-1.839371
0.913569
0.247085
-1.975146
-0.900160
-0.889540
0.251537
-0.381061
-1.779248
0.270365
-1.500344
1.132406
-0.236459
1.684154
2.726694
-3.203948
-1.199883
-1.387824
2.209180
0.914862
-2.465033
0.252717
-0.108434
-0.285626
-0.748369
3.654425
-0.175314
0.110638
0.234667
-1.498205
2.380167
-0.816738
3.698284
1.771081
2.278956
-2.160037
-0.775015
-0.633109
1.000800
2.155648
1.521481
-1.202493
-1.152291
-1.549574
2.886069
1.867573
4.118731
-2.290325
0.789434
1.651033
-0.922760
-1.468840
1.642250
5.290258
2.237373
-0.383003
-0.631549
-1.415131
2.004061
0.169476
-0.423695
-0.822035
-0.757408
-0.073522
-1.386848
-0.977637
1.588456
0.411203
1.935074
-1.940543
3.825544
1.482386
-1.309446
-0.677654
-1.740689
3.692304
0.220140
1.198332
0.296839
-0.325209
-1.868143
0.663936
0.564282
1.261163
-1.708662
1.620685
1.002382
4.173938
-3.376854
-0.890584
0.062387
2.302981
4.130969
-0.844266
0.025532
0.225544
1.643759
1.257498
1.301655
-0.991487
-0.520855
-1.765338
-1.107543
-0.344070
1.040617
-0.498469
-1.219034
3.094534
1.695385
0.591825
0.308077
-0.491081
2.595927
1.789571
0.450995
-0.489869
1.292217
2.505482
4.081287
-1.940094
2.875503
2.579324
0.174258
2.276031
1.691916
-0.991152
-0.390709
-0.889439
0.824543
-0.139984
-1.912630
-0.153463
2.160930
0.113157
0.694575
0.169864
2.285958
0.664684
2.052508
1.346684
1.783135
0.121504
0.396862
0.684490
-0.938286
-1.860863
0.563473
0.741303
0.213140
2.259708
1.656540
-0.661941
1.152036
-1.816215
1.329976
1.881690
-1.557432
0.495680
1.961851
-0.536357
1.004917
0.404739
1.589193
3.075819
-1.824010
1.679654
-3.013759
2.613810
-1.220248
0.736257
0.206479
2.413707
-0.912830
1.307508
2.493086
0.769121
-3.141579
1.194579
0.032330
1.801444
-0.574382
1.033929
-1.641554
0.167146
-1.118043
-2.503106
3.069328
-0.657611
0.882515
1.131164
1.505372
-1.153556
-1.610160
-0.578248
-0.773886
-1.468102
-0.629930
1.079496
-0.247990
0.770756
1.735232
-0.653372
-0.949365
2.122828
0.072850
1.628281
2.691099
1.046592
2.344611
-1.244703
1.417857
