-0.659632
-2.818237
-2.273620
1.375118
-2.634109
-2.023875
-1.814249
-1.004927
-2.383462
-0.393290
1.771103
-0.594303
-0.066092
0.154184
-2.590794
1.878998
-2.121354
0.918568
1.751396
-2.320108
-1.839332
-0.030064
1.566440
-0.445685
-2.887804
0.263248
1.437293
-0.656638
-0.481279
1.937149
-1.012336
-2.284064
-0.610509
-1.058926
-1.641748
1.495270
1.439255
0.186824
-1.856462
-2.818558
-0.862131
1.895319
-1.416055
-0.640088
-0.898609
1.121993
-1.397409
1.264085
1.526483
-2.056122
-1.678648
1.051478
-1.717373
1.934150
0.332199
-0.260526
-0.626300
-1.529759
0.043344
1.497511
0.989216
0.262479
0.763418
-1.296627
-2.463366
-0.267501
-2.605898
-0.418814
-1.415149
-2.706620
-0.513886
0.676851
0.585298
0.097384
-0.868364
-2.665732
-2.731788
-1.618535
-0.512717
0.287057
-1.919474
-1.239130
-0.850160
1.886906
0.765162
1.419604
-1.592467
-1.159569
0.324128
-2.811423
1.938402
-2.770122
-2.499214
-2.167759
-1.335736
1.018349
-1.597331
1.725722
-0.881693
0.618744
-2.429004
-0.241929
-0.519470
-2.788470
-2.785640
0.960245
-0.721161
-2.441507
1.607368
1.661744
0.705945
-0.285678
-1.972369
1.420380
1.629421
-2.176470
1.908182
-1.287903
-1.189012
1.726570
-2.509922
-2.795400
1.839393
0.453798
-1.265787
-0.061733
0.627919
-1.925990
-1.696896
-2.560571
1.226212
1.215743
0.038647
-1.074618
0.081993
-1.260440
-0.262414
-2.115469
-0.893725
-1.253542
-0.717671
-2.660546
-0.475007
-0.165525
-2.398807
-0.024528
1.559248
-0.094538
-1.605182
-2.251055
0.141376
1.659334
-0.950092
-0.260542
1.096815
1.739498
-1.585066
-1.315599
0.277083
-0.525193
-1.604512
-1.979398
1.996475
-2.831720
0.763992
0.564862
-2.209988
-2.833835
0.785408
-1.642713
0.433132
1.463349
-1.735770
-1.539090
-2.250915
0.260396
0.640216
1.247337
-0.434715
0.266877
-0.834770
0.552861
-1.083940
-1.217138
-0.930933
-0.716180
1.809014
0.981719
-2.324071
-1.802156
-1.239871
1.770350
-0.229074
-0.061828
-0.193370
0.495757
1.158649
-1.138634
-1.987689
-2.356604
-0.642884
-1.888057
-1.956625
1.301003
-0.646706
0.199968
0.515338
0.926396
-2.051743
1.055293
-1.711090
-1.416294
1.872591
0.556779
-0.217154
-1.890110
-1.138927
0.245035
1.434925
-0.253134
0.750640
0.943980
-1.022224
1.417491
-0.300182
-2.155077
0.220524
-2.215047
1.609453
1.081547
-2.068350
1.060836
-1.651196
-2.526692
-0.286287
-0.829201
-2.718984
-0.647769
-0.231544
-2.025400
-0.295949
-2.928627
0.657175
-1.981832
1.569217
-2.521312
-2.218125
-0.264810
1.832998
0.907509
-2.656516
-2.904310
0.203522
-1.926396
1.915739
-2.219147
-1.039317
1.356318
-0.684729
0.039672
1.380142
-1.367218
1.893543
-2.394986
0.170335
-0.200431
1.980658
1.551659
0.815861
-2.383213
1.728867
1.913243
1.167881
-2.682112
-2.063958
0.821026
-0.303435
-0.370491
-1.182393
1.232807
-2.981601
-0.937002
-2.893005
1.206829
-0.981970
-0.752424
1.229045
-1.176700
-1.603152
-0.061892
0.180883
0.064058
-0.433563
-2.656013
-0.963601
1.169578
-2.856257
0.090090
0.707393
-1.405729
-2.373800
0.469819
0.793881
1.382571
1.116179
-0.917738
0.167554
-1.838061
-0.989574
-2.107422
-2.234582
-1.439386
-0.650610
1.055160
-1.117395
1.305252
0.388427
0.517150
1.233321
1.627858
1.582775
-0.614260
-1.531259
-0.724075
-1.444792
1.150309
1.882976
1.709170
-0.790819
1.246278
-1.354413
-1.695094
-2.360378
-0.740389
-2.353981
-1.021939
0.460738
-0.255510
-0.125284
-2.869330
-1.428622
-0.499502
-2.843818
0.294254
-2.584534
1.949615
1.138907
0.287865
-2.845563
1.366047
-0.364640
-0.114930
1.218379
-2.838030
0.259895
-1.778936
-0.579324
-1.630978
-2.131792
0.370159
-0.766190
-2.732336
-2.531717
-2.375830
-1.825358
1.139756
-0.795831
0.272274
-2.560651
-1.084532
-0.954824
0.180890
-2.782461
-0.882614
1.480247
1.641214
-0.873424
1.486972
-0.457170
1.892727
-2.582307
-1.825080
0.100653
-2.846692
0.650888
-1.359237
-1.478141
-0.799828
-1.797809
0.627585
1.328125
-2.525204
0.270548
1.505248
1.368722
1.847354
-2.640462
-0.241707
-1.367393
-0.208014
-0.143181
-0.927816
-2.391660
1.487552
0.647015
1.851541
-0.687962
-2.802268
1.698905
-0.383195
-2.885145
-1.847842
0.275412
-0.723946
-2.429473
1.769285
-1.576885
1.910168
-2.369872
0.627182
-2.191966
-1.593144
-2.217429
-2.710565
0.848481
1.422838
-0.633974
-1.125820
1.285455
-2.610739
0.425826
-2.967676
-2.766963
1.411193
-0.146369
-0.591938
-2.021530
-0.642613
1.895395
-0.322004
-2.661605
-0.219705
-1.860228
-1.338506
1.560025
-0.665520
0.761902
0.923832
-2.865624
-2.626944
-1.856115
-1.678136
1.350057
0.024798
0.829425
-1.880013
-0.932717
-0.701269
-1.330094
-1.425480
-2.570430
-1.874453
1.503610
1.302004
-1.928288
-1.097472
-1.118672
0.120190
-0.729171
-0.225833
-2.726226
1.957714
1.648428
-0.035957
0.776694
-2.178348
-1.242732
-2.847502
0.334095
0.423298
-2.471396
-1.717168
1.825137
-2.448695
-2.367137
1.084628
-0.326340
-1.478939
1.542855
-1.331973
1.784827
1.160096
-0.873057
-0.822171
-1.632126
-1.477768
-0.741616
-0.918039
1.862966
0.304377
1.247970
0.131583
1.733966
-1.252933
-1.366258
0.803579
-2.034821
-0.484493
0.298342
0.658597
-2.653401
0.592506
0.278196
-1.958528
-0.636868
-2.218501
-1.232782
-0.459216
-0.842516
1.895193
0.503222
-2.924940
0.308772
-2.172349
0.640630
-2.679488
-1.154336
0.067903
-1.146482
-0.645148
1.048233
0.627556
-2.191708
-0.002094
-0.002601
0.050600
-1.567549
1.666128
-1.333801
-0.036742
1.526148
1.838944
1.021987
0.248693
-1.459282
0.787147
0.473396
1.314512
-2.967214
0.997707
-2.944896
0.191483
-1.864167
1.243163
-1.802987
0.595956
-2.215822
1.670557
-2.431025
0.733824
-1.168536
-0.717989
0.609502
-2.578910
1.969498
1.914281
-1.183280
-0.748266
1.890932
0.615222
-1.102147
-1.968474
1.843163
-1.325397
-0.235829
-0.466695
-0.753834
-1.699932
-1.136511
-1.961070
-0.147238
-0.582542
0.756961
-2.960401
-1.281325
-0.324549
-1.692428
-0.002207
-2.804320
1.476308
-2.789869
-1.508647
1.936636
-2.756419
-0.680820
-0.056405
1.342312
-0.774594
-1.491324
0.457129
-2.457298
-1.414624
-0.290263
-0.449499
-1.634322
-1.726869
0.151637
-2.233439
1.389667
-2.826720
-0.846641
-1.680317
1.568156
1.156101
-0.037165
-1.680540
-1.674083
-2.267550
-2.815306
-0.232984
0.475286
-2.660859
-0.791883
-0.301650
1.539998
1.677473
-2.415163
1.942736
0.975258
1.243572
-1.831576
-0.592263
-1.761239
0.713806
0.856912
1.855305
0.492920
0.738697
0.229835
-1.007367
0.118513
-0.485780
1.124064
1.281262
-1.869595
0.360102
1.465282
1.150221
-2.393555
-1.512317
-1.821602
-1.144225
0.901711
0.842636
1.415820
1.126325
-1.858853
-1.728944
-2.719637
-2.326201
-0.945459
-2.757165
0.579123
-0.330337
-1.151033
-0.368691
-0.100577
-2.829789
-2.411229
1.253314
-0.486949
0.708975
1.033746
-2.485266
-1.434124
-0.437468
1.455789
-0.183816
-1.256428
0.588904
-2.533546
-1.714892
1.594430
1.349169
-0.328824
1.694983
-1.637313
-1.919034
-1.951071
0.488035
1.999029
0.190794
-2.830087
1.204294
-1.396740
-1.257816
-0.036651
-0.433333
-2.121769
-1.583379
-2.549219
0.681864
0.447938
-1.381895
-1.578300
-0.402071
1.127786
-1.541892
-2.890048
0.109580
-0.612132
-0.057574
-2.888789
0.020978
0.586771
-1.079889
-2.271888
1.309006
-2.698063
-2.365951
-2.066817
-2.300137
-1.435236
-1.700237
-1.965700
0.407902
-2.983392
-2.740850
-0.769586
0.803585
-1.308275
0.611175
-2.840726
-0.057222
-1.156705
1.502892
-2.577107
0.393536
0.480334
1.549002
-0.208883
1.654651
-0.834223
-1.538074
-2.114772
0.982745
1.493959
1.156990
-1.636527
0.016942
-2.460371
1.972139
-2.501608
-2.306781
0.002238
-1.296799
0.058233
-1.910801
-2.258733
-0.642882
-0.137988
0.739830
1.715330
-2.282678
-0.466941
-0.039843
1.372623
1.008582
0.732277
-2.315433
-1.072091
-2.926166
0.980064
-1.524999
1.937018
-2.061468
0.892279
0.490989
-0.076089
1.382826
0.379550
0.689411
-2.666855
-1.473928
1.065351
-2.900483
-0.144274
0.101025
-0.023330
-0.738955
1.265098
-0.836825
-2.070034
-1.536400
0.170749
-1.524089
1.536605
1.674001
-1.479869
-2.432884
0.904763
0.351787
-2.535138
-1.538813
-2.576870
-2.227985
1.163088
-2.226615
-1.047518
1.014569
-1.812455
-2.014125
-1.472461
-2.739847
-2.449709
-1.449555
0.394093
0.220133
-1.269437
-2.667153
-0.603858
0.115926
-1.607783
-0.416451
-0.634653
-1.254091
1.146953
-2.627169
-0.161495
0.011082
0.488676
0.486530
-0.932861
1.856999
-1.641844
1.178082
-0.059859
-1.600143
0.044935
-0.605637
1.206478
-1.776545
-1.270387
0.268456
-2.262560
-1.826179
-2.838034
1.517381
0.918633
0.715519
-0.071669
-0.385439
-1.970119
1.598584
0.836522
0.328269
1.952445
-0.755813
0.982193
-1.886231
-0.278850
-2.790583
1.363855
0.708268
1.114613
1.977103
-2.664172
1.952782
-0.185915
1.288120
1.357128
-2.975093
0.286310
-2.181869
-1.415271
-1.833940
-2.793529
-2.898890
-1.118817
0.412192
-0.952463
0.248780
0.987159
1.980080
1.690792
-2.474509
0.626460
-2.758140
1.838589
-2.283934
-0.820687
-1.983454
-1.861916
1.973216
-2.160426
-0.043130
0.133815
-2.906772
-0.844202
1.271610
0.619735
-1.419204
-1.881420
-2.405516
1.930182
-1.508495
1.917591
-2.807001
0.432391
1.454454
0.307617
1.361278
-1.043827
-0.504941
-1.257870
-0.830131
-0.480993
-2.566779
-1.678248
-0.076181
-1.580823
0.733908
-0.600062
-2.356721
-0.667979
1.264888
0.252627
-0.896150
1.400935
1.995080
-2.204561
-0.278728
-2.832207
0.944449
-1.109964
-1.098968
0.345195
-0.682617
0.141176
-1.206010
-1.411709
-2.240029
0.789680
-1.954554
-0.055358
1.737686
0.191369
1.874625
-0.839334
-1.412010
-1.652208
-1.395030
-2.227521
-0.654022
-1.114846
-0.302263
-0.732458
1.652518
-0.224904
-1.732717
0.048408
-2.376644
1.471065
1.347722
0.743488
0.407323
-2.124195
1.324523
0.696794
-0.985679
0.834787
0.854076
0.847643
-0.664271
1.224452
-0.558047
-1.121388
-2.106096
0.725081
-1.094788
1.416103
0.462468
-0.590394
1.034296
-1.000932
1.045030
-2.023913
-2.550806
-0.765121
0.209140
0.932924
-1.651195
1.335630
-1.989467
1.360192
0.765774
-1.404938
1.595256
-2.624690
-1.256013
